iteration,train_total_loss,train_data_loss,train_initial_loss,train_K_sensitivity_loss,train_gamma_sensitivity_loss,train_alpha_sensitivity_loss,train_physics_loss,physics_weight,learning_rate,gradient_norm,validation_mse,validation_normalized_mse,validation_relative_l2,validation_relative_angle_difference_l2,validation_frequency_relative_l2
500,1.142695668578148,0.5582147191762924,0.03789218639885075,28.01172552680969,0.09526468063890935,0.02735639369301498,0.0,0.0,0.00010333333333333333,2.4129230976104736,0.012342762351861367,0.20015630801364395,0.46267201439828953,0.36265936578783525,0.563624098124409
1000,0.1659888067096472,0.06417363105714322,0.002948558156378567,7.751025203585625,0.05691137333586812,0.014734648229088635,0.0,0.0,0.00020166666666666667,1.3635333776474,0.0008802281837609208,0.017538611389202347,0.13431955307025922,0.10478316685505107,0.15717250457811494
1500,0.043444933783262966,0.015856910998933018,0.0019362368013244122,1.1771532082557679,0.025325238907709716,0.007334407395217567,0.0,0.0,0.0003,0.625826895236969,0.0005986695025092024,0.011404594134287228,0.10990064478358852,0.08048642953487228,0.13090311530848375
2000,0.022324132837355137,0.008864633502904326,0.0009772725017683115,0.5464475250393153,0.012390169057063758,0.005294252331601456,0.0,0.0,0.00029994610938679735,0.7389634251594543,0.0005082593404707695,0.010079485103030325,0.09995288989479771,0.07796039643394137,0.11719022292702688
2500,0.018544363602995873,0.007521333772689104,0.0007429207538079936,0.49464963349699975,0.008956017849501223,0.0043607314820401375,0.0,0.0,0.00029978447639933913,0.4163932502269745,0.00024463935650909866,0.005626462911288955,0.07329038913754435,0.05076589832388003,0.08410655428858278
3000,0.021140924512408673,0.008360631898976862,0.0009533076017105486,0.5029589468389749,0.008577383027411997,0.0038468661704100667,0.0,0.0,0.0002995152175660644,0.40979334712028503,0.0003522350739400418,0.0071635660049569425,0.08567715663430883,0.06102687500815699,0.10016325806802095
3500,0.009296890482772142,0.003996663519879803,0.0003522340623167111,0.24094141739606859,0.00502410707436502,0.0022699262357782574,0.0,0.0,0.0002991385270076904,0.2816867232322693,0.0001799925584432441,0.00354029375982111,0.060141257341829055,0.04462260065777479,0.07032467096032907
4000,0.011271678071469069,0.004603745301254094,0.00047407035750802605,0.2794531305730343,0.0056782083353027705,0.0024056567108491434,0.0,0.0,0.0002986546762972633,0.4672076404094696,0.0003807797459120247,0.007716616581036319,0.08698261860235154,0.06212537081081056,0.10358309178789082
4500,0.012777431574184447,0.005391843350837007,0.0005075819855119335,0.3249482128992677,0.00513417234364897,0.002410854017129168,0.0,0.0,0.0002980640142643679,0.9347692728042603,0.0006502189053208716,0.011552190988714843,0.10666106709240067,0.07286385389138733,0.12880839612241546
5000,0.01535345379356295,0.005828202228527516,0.0007650392244831892,0.33288133645057677,0.0053025538884103295,0.0023098931139102206,0.0,0.0,0.0002973669667436418,0.13553550839424133,0.00013231221937902118,0.0030341678830332454,0.052893227686943003,0.04282214173212951,0.05994125978378441
5500,0.007697612369433045,0.003344968279823661,0.0002881580877728993,0.19935798646509648,0.003666843747254461,0.0017131111890776082,0.0,0.0,0.00029656403626777164,0.2710303068161011,0.00011635012501350406,0.0027679563622904856,0.0515956990234709,0.037979482518414605,0.05816147179708908
6000,0.013209016138222068,0.005303128646686673,0.0006232891059626127,0.28517218067497013,0.004496592863928527,0.002288693340262398,0.0,0.0,0.00029565580170519477,0.9206920862197876,0.00018697255044305204,0.004568156693427211,0.06390866180983082,0.050101654071463365,0.07194257800273855
6500,0.009088153703138232,0.003768277428112924,0.00039249241595098284,0.21253771018236875,0.0037637188241351396,0.0016922714533284307,0.0,0.0,0.00029464291784276757,0.28384116291999817,0.00014803037074767833,0.003120884010122501,0.05499951674443371,0.04436263518697539,0.06356275779251977
7000,0.009635466855950653,0.003761954880785197,0.0004760246398363961,0.20135433575510978,0.0034841873033437877,0.0016929685373324901,0.0,0.0,0.00029352611491370004,0.27347734570503235,0.00017701324709481353,0.0035326157713201542,0.060145824757090884,0.04243801121420876,0.0706139377889635
7500,0.005869747966527939,0.0025745276734232903,0.00021904671224183404,0.1502953602299094,0.0029588588655460627,0.0010304431735421531,0.0,0.0,0.0002923061980710982,0.178679421544075,0.00021471731142295097,0.004373928197268057,0.06396485727193299,0.048259147694398444,0.0746996623304445
8000,0.00957896200288087,0.003882806640584022,0.0004280363747820957,0.22225891640037299,0.003557404458289966,0.0013701210665749387,0.0,0.0,0.0002909840468074933,0.13326740264892578,7.828047611845597e-05,0.0018583024290299717,0.04134386797410913,0.03196691069393957,0.04656155128071501
8500,0.009252987324725837,0.003793375972658396,0.0003851057990832487,0.23282490612193943,0.003574833994032815,0.0014767609575064853,0.0,0.0,0.00028956061432077607,0.8136473298072815,0.00021188430682553332,0.004616485219513199,0.06540832036801539,0.051125332038208446,0.07512464019402393
9000,0.007000208631157875,0.0029259592248126864,0.0002749280139032635,0.18289566345512867,0.003139778017066419,0.0014470929526141844,0.0,0.0,0.0002880369268269942,0.11415743827819824,8.648664862375717e-05,0.0017246713503030722,0.04121275047487255,0.031275923129858815,0.048516521014344643
9500,0.008818481989437714,0.0032376728986855596,0.00047435877539101054,0.17463220609724522,0.002801456404849887,0.001160230319830589,0.0,0.0,0.0002864140828205072,0.27839571237564087,0.0001477933689702389,0.0036302015177946652,0.05793745518448981,0.04075533134928211,0.06356712920573401
10000,0.006418070098618046,0.003097579050809145,0.00017337485442112666,0.18929885996878146,0.0028370482663158327,0.0012133176565985195,0.0,0.0,0.0002846932522820326,0.6346186399459839,0.00027274940932174737,0.004820168021433818,0.06818871472708712,0.05187959637078329,0.07993040713511108
10500,0.006320913060102612,0.0026456620106473567,0.0002289987420081161,0.17970854189246893,0.0028490887185325846,0.0013523685619002209,0.0050362276358064265,0.001875,0.00028287567583515485,0.16317391395568848,0.00010563906190644255,0.0021170288135174075,0.04476460856153881,0.03547454353968894,0.05257236825161552
11000,0.004172548199770972,0.0017188654650235548,0.0001668274879702949,0.1079567566625774,0.0022486125282011925,0.0007605344926705584,0.0032729471424827353,0.00375,0.0002809626638519043,0.3943804204463959,0.00013377680695931195,0.00254606928194353,0.04913814940170527,0.04057238423562605,0.05728514546846916
11500,0.008985953381517902,0.0034472112271469084,0.0004074771838277229,0.22087576670944692,0.0030161949035245926,0.0012184626146918163,0.0058194863963872195,0.005625,0.0002789555955080514,0.32203683257102966,0.00014779182083425287,0.003234324608008311,0.05427126981907573,0.04259045896166813,0.06136880110445361
12000,0.004534423103323206,0.002026102964882739,0.00012649530354246963,0.1437072587274015,0.0024888119411189107,0.0010133797606104054,0.0037740236291429028,0.0075,0.0002768559177887973,0.09177844226360321,6.910144574990884e-05,0.001381242198244261,0.03703777848074923,0.02969659765206004,0.04386742708071564
12500,0.0042691132151521744,0.0016472929393639788,0.00020613388017591205,0.09181364155933261,0.0019990042940480636,0.0007369963774690405,0.003183684593299404,0.009375,0.00027466514444557773,0.39782607555389404,0.00027978121471065225,0.00541875978355516,0.07203810795657653,0.05417607450364302,0.08485197844422451
13000,0.006402401788509451,0.002734353518404532,0.00023411280979053118,0.17156969323754312,0.0026575467261718585,0.0009516617252375,0.004330273828934878,0.01125,0.00027238485490473183,0.08454252034425735,3.2072342492198665e-05,0.0006841522081981039,0.025797172741219933,0.021859393531446357,0.030258625211202074
13500,0.0048345027016475795,0.0021366619518958033,0.0001258475408249069,0.1601911453269422,0.003160858128685504,0.0012389326362754218,0.003676686208928004,0.013125,0.0002700166931288234,0.2695605754852295,6.620589681647645e-05,0.001452821471690329,0.03642941820665756,0.026972512353006305,0.04226376727158547
14000,0.006779924223781563,0.0024469178652507255,0.00035659359261990177,0.1387624547034502,0.0023161472294013948,0.0008667511629173532,0.004332896601874381,0.015,0.0002675623664314345,0.0663609430193901,3.8023156337729734e-05,0.0008163156071326048,0.027128390728442555,0.02293409740964166,0.031426718763794305
14500,0.0033135881094494835,0.0011964396227849648,0.0001790020668577199,0.06238041737303138,0.0015310079487971962,0.0005050103105604649,0.002540377762634307,0.016875,0.00026502364424628715,0.21116793155670166,9.028666026510016e-05,0.0021067071350678555,0.042435022298159354,0.033726403093834234,0.048946635170613664
15000,0.003238990415120497,0.0013696473472518847,0.00012485219535847137,0.08000064628198743,0.001639878059970215,0.0006740960710449144,0.0026557217943482102,0.01875,0.0002624023568515796,0.12667065858840942,4.2971502624762536e-05,0.0009765289185090122,0.030742375149737308,0.02446888856202588,0.03497308638279065
15500,0.004334398481762037,0.001945987481274642,0.00012121057117474265,0.13151417138427496,0.0020635437964228913,0.001265111575339688,0.0035423847006168215,0.020624999999999998,0.0002597003940504566,0.1789759397506714,5.173113334710881e-05,0.0011541960772527243,0.032633232684657246,0.02649432316004292,0.03735188975021396
16000,0.00556574689084664,0.001940974141296465,0.0002886801694330643,0.12131067699193955,0.0019154222690267488,0.0008500085023697466,0.0034350226370152086,0.0225,0.0002569197038085664,0.37681397795677185,0.00018249178856710795,0.004082100180252288,0.06040470997776304,0.05229045807160294,0.06771087778182182
16500,0.0025069690416567028,0.0010832595913670957,9.008728431581404e-05,0.06260819640010595,0.00156824261858128,0.0005110728614381515,0.0024067416077014057,0.024375,0.0002540622908496851,0.17072319984436035,7.28746619103355e-05,0.0013819787987118723,0.03646651120478163,0.03324882928307162,0.04284261360550269
17000,0.0030509935857262463,0.0012734759161248802,0.00011479810848322813,0.07706199055910111,0.0015917638284154237,0.000608567029092228,0.0026237311790464446,0.02625,0.0002511302152104217,0.1264968365430832,7.503958465806314e-05,0.0013911595326999348,0.036241942542542996,0.028349786368102918,0.0431071806712263
17500,0.0036419959589838982,0.0015227337036048992,0.0001205781482894963,0.10468627065047621,0.001719031880958937,0.0007944219663331751,0.0030464411483844744,0.028124999999999997,0.00024812559075504593,0.10735009610652924,4.366506574000204e-05,0.0009188470773597039,0.029744623059009073,0.024696404971247463,0.034592335878289554
18000,0.0030166714158840475,0.0011124950935482048,0.00015514983566390585,0.05679596129059791,0.001377919075777754,0.00046664936092565766,0.002626141233718954,0.03,0.00024505058365150887,0.11247940361499786,5.3886032365529784e-05,0.0012657117734786076,0.033204868113789976,0.027386406968646866,0.03722106699960628
18500,0.0038717845521168783,0.0016439319248893298,0.00013260679750601412,0.10477769038453698,0.0017749216557713225,0.0006893383167043794,0.0031526255956850946,0.03,0.0002419074108097558,0.13024699687957764,5.325716749173508e-05,0.0010177503553559632,0.03142054959942964,0.02626399991008946,0.03734749122988916
19000,0.001965810097521171,0.0008471867216867394,6.078456683462718e-05,0.055933499988168475,0.001278312771115452,0.0005274877235060557,0.0018317952007055284,0.03,0.00023869833828345685,0.40220946073532104,9.575894554302684e-05,0.0018043046840007378,0.04059174008931951,0.03161118022150855,0.04753013492307994
19500,0.004262883008341305,0.0015101498822914436,0.00021412117698491783,0.09330369855090975,0.0016672269634436816,0.0006575418415013701,0.002782636099960655,0.03,0.00023542567963630773,0.12586914002895355,5.9025546922484865e-05,0.001056628688705515,0.033363458201204024,0.025574471038637116,0.04053884291158068
20000,0.0028494214126840232,0.0011516253665904514,0.00010889865749231831,0.07391608363389969,0.0014701065474655478,0.0005011005820706487,0.002257796698133461,0.03,0.0002320917942740784,0.2488543540239334,6.1080053058282e-05,0.0014025859547867993,0.035210321036838424,0.027397405833749923,0.039199419428119095
20500,0.001856400153017603,0.0008092591120512225,5.369017090561101e-05,0.055125228025019166,0.00123331331636291,0.00046331870916765185,0.0016467028955230488,0.03,0.0002286990857436118,0.3136494755744934,6.571445817459728e-05,0.0014937332125878583,0.03649481698402775,0.030836828701949058,0.04105409108115329
21000,0.0024036353016272187,0.0009479516609571875,9.976138904312392e-05,0.0580896748714149,0.0011985243990784511,0.0004903982542746235,0.0019935518302954735,0.03,0.00022524999999999995,0.1568242609500885,5.905677926207526e-05,0.0011535159488570133,0.03409259242694902,0.025587744483047518,0.040218996735718916
21500,0.0031173659581691026,0.0012567156518925912,0.00012347333920115488,0.07881914976239204,0.0015023456828203053,0.0005920441094203852,0.0021242741839960218,0.03,0.00022174702364318548,0.09706337004899979,8.12122095859627e-05,0.0014953359154822171,0.03809365892729408,0.0305563151530502,0.04544013991504561
22000,0.0028042241410585122,0.001178992134926375,8.718986932581174e-05,0.0845527973882854,0.0014012687780195847,0.0005989755734335631,0.0020727551714517178,0.03,0.00021819268212526076,0.10176915675401688,3.2203328550900966e-05,0.0006336533793256567,0.025263007390645006,0.020337601147576614,0.03004276118952641
22500,0.0021447276513790713,0.0008061247475561686,9.391624468480586e-05,0.052588418293744325,0.0010808702431386336,0.0004237656114273705,0.0015447471615625545,0.03,0.00021458953792975654,0.11591356247663498,4.02641857034818e-05,0.0008035876825692985,0.028835581891382765,0.02310859623197378,0.034224136982809523
23000,0.0022833524357993157,0.001029870310012484,4.8449892423377604e-05,0.07966732750087976,0.0012913495225366205,0.0005596850883448496,0.0016899796156794765,0.03,0.00021094018872423354,0.11608727276325226,2.7097844099366886e-05,0.0005855483938536883,0.02333217918541418,0.018939398870104797,0.027026763098709383
23500,0.0021309484379598872,0.0007317497954354621,0.00012117058395597268,0.03733484099991619,0.0009847962192143314,0.00033672132194624284,0.0014423467580927537,0.03,0.0002072472654875075,0.12097294628620148,4.933573273082754e-05,0.0008922097641520432,0.03018339112903422,0.022801677699325087,0.036126259029818295
24000,0.0016670372230000795,0.0006354137025191449,7.277353916651919e-05,0.03933118847198784,0.0009460763091919944,0.0004039130707096774,0.0014207814447581768,0.03,0.00020351343061285904,0.19295114278793335,4.810018002431416e-05,0.0012143449755051268,0.033135061826290196,0.025137313550074612,0.03664006038272722
24500,0.002055944866151549,0.0007958880065125413,9.156967289163731e-05,0.046327700804919006,0.0009749363231239841,0.00038339412648929284,0.0016879723578458652,0.03,0.00019974137598859589,0.06740908324718475,3.063941505957664e-05,0.0006003241411181321,0.024793985425278282,0.01970535498541332,0.02935142543046722
25000,0.0016957073028897867,0.0007061279212939553,5.5592246715605145e-05,0.04891331318952143,0.0009502650710055604,0.0003952079382142983,0.0014084519000607542,0.03,0.00019593382105734987,0.20290951430797577,4.304919515994737e-05,0.0008897876804590104,0.029858305333145815,0.0237458844447265,0.03480081529883412
25500,0.002642880388186313,0.0010798294050619007,9.645900078430714e-05,0.07200395993888378,0.0011231203955831006,0.0005079874872753863,0.0018342770931776614,0.03,0.00019209351085550965,0.2336253672838211,2.098360070947327e-05,0.0004535376191834258,0.021125435041180238,0.016993529371409168,0.024455349100875184
26000,0.001140705171681475,0.0005075275600829628,2.5076873260331924e-05,0.03902307321690023,0.0008150377994170413,0.0003476415407931199,0.0010235035085352138,0.03,0.00018822321403420112,0.07531867176294327,2.6591746469731215e-05,0.0005918521084672703,0.024400074667262985,0.01874558643494214,0.02777006356689447
26500,0.0016866799605777488,0.0006765515868319198,6.634361388387333e-05,0.042943780697882177,0.000887454146752134,0.00047468723669589965,0.0012106749985250644,0.03,0.00018432572086324347,0.10069821029901505,4.633261402472674e-05,0.000914759001157605,0.02895111007631071,0.022826651279784012,0.03494050227748832
27000,0.0014988831918453798,0.0005736270546622109,6.50282604055974e-05,0.035933067113161084,0.0008153463507187552,0.0003261002022481989,0.0011428306369343773,0.03,0.00018040384121951862,0.16643410921096802,6.710491223794488e-05,0.001166337565510009,0.03409528558006422,0.024415452298937025,0.04146577824676857
27500,0.0014443502840586007,0.0006035489855566994,4.628340087765537e-05,0.04216601617261767,0.0008726695102523081,0.00037740030646091324,0.0012124415546422825,0.03,0.00017646040256120608,0.13969826698303223,4.947607297052711e-05,0.0009362926084089392,0.028801783153043353,0.022938849124153567,0.03379617190984424
28000,0.0016705034651095048,0.000688748748623766,5.7238425448304045e-05,0.04717935135215521,0.0008968064978253096,0.0003657578152779024,0.0013142721782787702,0.03,0.00017249824788934153,0.09061286598443985,2.826683136416862e-05,0.0005598796456523214,0.024140957845648927,0.019210455154899577,0.028781492480982142
28500,0.0014471453839796594,0.0005652424677973613,5.6873787572840226e-05,0.0381592527506873,0.0008212938962387852,0.00034587599357473664,0.001121613403345691,0.03,0.00016852023369817075,0.2978160083293915,2.3723859005934322e-05,0.0005040052811783767,0.022018356936862913,0.02100834600110698,0.02549914468005204
29000,0.0010106360125355424,0.0004254904029949103,2.9779038484775812e-05,0.030955457501113413,0.0007236865767627023,0.00032289209311420566,0.0008964314617915079,0.03,0.00016452922791577527,0.09611380100250244,2.5572195217453407e-05,0.0005225646372776859,0.02237499628207168,0.018193196973352702,0.02601978231490495
29500,0.001524488686816767,0.0006281858225993346,5.234824715171271e-05,0.04308689959906042,0.0007999294630717486,0.0003113148134580115,0.001184515232394915,0.03,0.00016052810783645483,0.11024089902639389,1.3810526440150162e-05,0.0002800896726777542,0.016447396760847964,0.013674776434043889,0.019509697128273013
30000,0.0007925178302684799,0.00033271696482552215,2.2143572557979497e-05,0.025146799797192216,0.0006054036486311816,0.000288368023961084,0.0007415525926044211,0.03,0.00015651975804635755,0.07227127999067307,1.7101360652334966e-05,0.0003400758712394932,0.018169600991206486,0.015310655494866482,0.02164812641950885
30500,0.0011577775073819793,0.0004521076576784253,4.768112131841917e-05,0.028881217636168004,0.0006635549566126428,0.0002807292097131722,0.0008655289389716927,0.03,0.0001525070683438529,0.051918063312768936,1.6758870099780126e-05,0.00032802310495965586,0.018091242812619264,0.014151696766454454,0.021712753481466653
31000,0.0010001063725794666,0.00038734395944629797,3.943336129123054e-05,0.026412860097363593,0.0006315642738481984,0.00025335638418619056,0.0008105905721604358,0.03,0.00014849293165614707,0.19313012063503265,4.326184056993622e-05,0.0011098218405084103,0.03103924557006129,0.02032399598604838,0.033295843289382634
31500,0.0012723254504962824,0.0005346906158374623,3.7110229554855324e-05,0.039823296817019585,0.0007802037629298866,0.0003398437374271452,0.0010439854060823564,0.03,0.00014448024195364245,0.10513313114643097,2.4525586089357513e-05,0.00046793096221095043,0.021572185491828728,0.017457716243243097,0.025783447603349472
32000,0.0006742815627949312,0.00028366739659395536,1.8496653592592337e-05,0.021432596336118877,0.0005462854087236337,0.00022835261696309316,0.0006856199772446416,0.03,0.0001404718921635451,0.06547922641038895,1.3975476942522263e-05,0.00028234944902011145,0.016355287853884987,0.012593790143562855,0.019197768063422282
32500,0.0008717409918317571,0.00035341432603308934,3.027282153016131e-05,0.02457868183963001,0.0005562717236462049,0.00025288345183071214,0.0007421909947588574,0.03,0.00013647077208422468,0.09995811432600021,1.7672271092434084e-05,0.0003843414723741509,0.018837662506569652,0.015163273716493824,0.0217864230803132
33000,0.0010423287765006534,0.0004349693340191152,2.9702675096814346e-05,0.033633161570876834,0.0006523683374398388,0.0002960261293192161,0.0007974163415492512,0.03,0.0001324797663018292,0.04284927248954773,1.0048269565938925e-05,0.0002028125079678541,0.014135725872496206,0.011560600581012902,0.016712057822619274
33500,0.0007617012514965608,0.0003271775423781946,2.023123634444346e-05,0.024404309233650567,0.0005428867131704464,0.000227517675870331,0.0006975561872532125,0.03,0.00012850175211065842,0.167831152677536,1.2814576981032677e-05,0.00028635195630635855,0.01627131067337558,0.013792947955880756,0.018512691368795915
34000,0.0009809342247899622,0.00036897555936593563,3.966691331243055e-05,0.026374519425444304,0.0005553643143502995,0.00024280657396593596,0.000763215306593338,0.03,0.0001245395974387939,0.16270732879638672,2.078964925657131e-05,0.0004457092732059434,0.02041195725872222,0.01724550963936439,0.023681421407995173
34500,0.0006381475349189714,0.0002694631934573408,1.5231133372708428e-05,0.022117055752314627,0.0005504611882497557,0.00022874337690882384,0.0005957559209491592,0.03,0.00012059615878048135,0.07635532319545746,1.8066412167205225e-05,0.0003608646473822458,0.018533524037600654,0.014844875374697674,0.02194462561741433
35000,0.0006023663137457334,0.00025541468901792543,1.7108370059759182e-05,0.01848071700986475,0.00046883730866829865,0.00019037649033998606,0.0006228453301591799,0.03,0.00011667427913675654,0.05681511387228966,1.2189824174495872e-05,0.00024485091370744165,0.01579158514288389,0.012507759951536836,0.01852071888643758
35500,0.0005951947939465753,0.00023406506923492998,2.1693695086469235e-05,0.016622356802225114,0.0004492769137141295,0.0001940673146455083,0.0004974385551468004,0.03,0.00011277678596579882,0.06431666761636734,1.2659981792508261e-05,0.00025168295017335404,0.01611428780954286,0.013185554082334874,0.01911619646704086
36000,0.0007992304333020001,0.0003151427995762788,2.658348162731272e-05,0.02453063380997628,0.0005083126579411328,0.00023368773797119503,0.0006231149966770317,0.03,0.00010890648914449031,0.0962192639708519,1.5838912416704497e-05,0.000323579611885009,0.01793957533779049,0.014252824139370561,0.02101110969012134
36500,0.0005497182614344637,0.00022967161472479348,1.3977638762298738e-05,0.018708929538726805,0.00044565749599132686,0.00018695323835709132,0.0004936713036440779,0.03,0.00010506617894265007,0.045100849121809006,8.996695521638904e-06,0.00018818466322439352,0.013399786702840862,0.011677457877630942,0.015728220617705728
37000,0.00046881062345346437,0.00020020710714743474,1.0891922948758292e-05,0.01612115890160203,0.00041568132379325105,0.00018484295142116026,0.0004750435141613707,0.03,0.00010125862401140408,0.04671310633420944,9.15226062207383e-06,0.00017897134971343485,0.013602148355301165,0.011025916086920379,0.016310096679518785
37500,0.0008380227915477008,0.0003145785169181181,3.323219463800342e-05,0.023121559836901725,0.00048258549557067456,0.00021119072622968816,0.0006477786430041305,0.03,9.748656938714089e-05,0.08605300635099411,6.978001210547711e-06,0.0001448771536534111,0.011812845823149759,0.009875856826407112,0.013996146930335804
38000,0.00040120298886904494,0.00018340479573816993,4.1403962943604715e-06,0.01667406782321632,0.00040236659423680975,0.0001816105038888054,0.0004031525348545983,0.03,9.375273451249249e-05,0.059744492173194885,2.2859782343800074e-05,0.00042605620976321164,0.020896344167771738,0.01554173900327524,0.025590203764075607
38500,0.0004569652718200814,0.00018759656132897362,1.1631138518168882e-05,0.015745087018236518,0.00039297347140382046,0.00017793479845568073,0.00043865522227133625,0.03,9.005981127576641e-05,0.1172793060541153,3.033245067032972e-05,0.0005671574334117353,0.02332951746848993,0.018403225558663257,0.027840891174338196
39000,0.0005376971038640476,0.00021004685970547145,1.5695003660766814e-05,0.018282037768512963,0.000417017762985779,0.0001928465109958779,0.0004390400392439915,0.03,8.641046207024336e-05,0.08787275850772858,9.418213726678855e-06,0.00019229024682821213,0.013916877919551419,0.011670566534528998,0.016449768107023068
39500,0.00038659073432791046,0.00016755812051997055,6.4189474737759154e-06,0.015050350742414594,0.0003891671696328558,0.00018350938973890152,0.0003816921515390277,0.03,8.280731787473923e-05,0.05944593995809555,1.2292300000580283e-05,0.00022695089610195058,0.015299050806398633,0.012179750223709925,0.01837697621647988
40000,0.0003820678137708455,0.0001588354337727651,8.810332451957948e-06,0.013582611611112952,0.00038599598905420863,0.00016711190679052378,0.0003797509191208519,0.03,7.925297635681445e-05,0.09809007495641708,6.94384856912081e-06,0.00013967914342551246,0.011826872853152806,0.00948605315499794,0.014112174832842043
40500,0.00042963284158031455,0.00017827101604780181,9.361795379390969e-06,0.01591804725769907,0.00039113072110922073,0.00018570436465961394,0.0003839546490344219,0.03,7.575000000000001e-05,0.07026196271181107,1.4991338835470101e-05,0.0002701686965245968,0.016515872528963384,0.013342053596128505,0.01997111303782893
41000,0.0003908562875294592,0.00016353411099407822,7.98208910964604e-06,0.014716785366646945,0.0003560632696026005,0.00016523278401291464,0.0003694883889402263,0.03,7.230091425638815e-05,0.05724383518099785,7.770443887613053e-06,0.00015502106495950775,0.012547609293702492,0.010989625811471783,0.01504664206077384
41500,0.00036036547512048855,0.0001427647932432592,9.602130011899135e-06,0.01255945862736553,0.00033843753740075045,0.00015645795916498174,0.00034133678596117535,0.03,6.890820572592154e-05,0.038882188498973846,6.725919363008661e-06,0.00013919135161597886,0.011873547857101714,0.009522820848840402,0.01408757944403833
42000,0.00034108533227117735,0.00013741336874954868,8.211113482502697e-06,0.012261562933214008,0.0003245887082302943,0.0001499454266668181,0.000354069606779376,0.03,6.55743203636922e-05,0.042775947600603104,1.279264688345187e-05,0.00023457288870540563,0.015017262256920414,0.012503075191263258,0.01816799593183436
42500,0.00031357604125514625,0.00013058966939570382,5.05656990208081e-06,0.01276322101522237,0.00033069793216418473,0.00015485547450953162,0.0003348690290295053,0.03,6.230166171654316e-05,0.09548459947109222,8.902951658273202e-06,0.00016393064599153932,0.012813607792368084,0.010139028552878238,0.015398180984200257
43000,0.0002946808208944276,0.00012586707345326432,4.516209733537835e-06,0.01180385681707412,0.00031759933952707795,0.00015704929936327972,0.00032996726702549494,0.03,5.9092589190244156e-05,0.0444641076028347,5.516597332653688e-06,0.000109330562716647,0.010541721829914606,0.008744962059924886,0.0126961265941847
43500,0.0002957802216988057,0.00011798819502291735,5.932987722871985e-06,0.01167589281918481,0.00030984323404845783,0.00015246522061352152,0.000298203851110884,0.03,5.59494163484911e-05,0.07906102389097214,7.464748352011532e-06,0.00014621419905388382,0.012082385538011943,0.010212143711597645,0.014428719950513369
44000,0.0002753395852923859,0.00011401100258808584,4.079306572748464e-06,0.011569484352134169,0.00030723790725460274,0.00014788265110109934,0.0002816028290981194,0.03,5.287440924495405e-05,0.06631062924861908,9.748248606337775e-06,0.00018337827460816863,0.013580419111806203,0.011016071532970295,0.016227881350094106
44500,0.00027145995797764046,0.00011137758483528159,4.4834701081981624e-06,0.011138848640955984,0.0002979555215279106,0.00014465852826833726,0.0002799995724053588,0.03,4.986978478957822e-05,0.04060308635234833,6.611800894870116e-06,0.00012133254835084456,0.010999014639996519,0.008801962709534653,0.013272262962466167
45000,0.00023393940637470224,9.724449936766177e-05,3.110063968506438e-06,0.009956984974443913,0.000283190051530255,0.00013567885669908718,0.00026852865125692916,0.03,4.693770915031488e-05,0.03794104978442192,6.282539419849078e-06,0.00012965901994166064,0.011285478315361207,0.009321008732878586,0.013430364739838057
45500,0.00025514739540813023,0.00010449008091381984,3.890122590291867e-06,0.010784310372080655,0.0002859093350125477,0.00014319166951463558,0.0002467407537915278,0.03,4.40802961914336e-05,0.03280341997742653,5.303759684934015e-06,0.00010147981954524739,0.009950141215535236,0.0082044938747096,0.01204653497622062
46000,0.00022804315020039212,9.473046755738324e-05,2.9739633124563624e-06,0.009818812048994005,0.0002741060136759188,0.00013644776673754676,0.00024091075624164658,0.03,4.129960594954338e-05,0.0394100658595562,5.1203343886667154e-06,0.00010047938210501242,0.010081404433426318,0.008258973187823305,0.012178031915196775
46500,0.00019658867179532535,8.14664657737012e-05,1.852988936661859e-06,0.008928067691624164,0.00026293692976469174,0.0001266630395039101,0.00023738736884843092,0.03,3.859764314842036e-05,0.03726085647940636,5.436774480470035e-06,0.00010257240300385055,0.01009123307880653,0.008579287610053976,0.012244754346280829
47000,0.00021283091354416683,8.655768236349103e-05,2.702056882981196e-06,0.009375521215144544,0.00026469717008876614,0.0001311874224775238,0.000231424015990342,0.03,3.597635575371279e-05,0.030849719420075417,5.177148940862817e-06,9.965732293350224e-05,0.010062082550200802,0.008578464267746357,0.012155458515403502
47500,0.00018827076563320588,7.656792516354472e-05,1.8966962264812537e-06,0.008565380628220737,0.00025811914759106005,0.00012845948403264628,0.00023365600714168977,0.03,3.3437633568565475e-05,0.023314187303185463,4.33781868238504e-06,8.465848425486504e-05,0.009207310871247982,0.007824076781332224,0.011174344992460266
48000,0.000187161681955331,7.530326464620884e-05,1.8127148690609828e-06,0.008727810805663467,0.00025830847246106713,0.00012721528593829135,0.0002074451678636251,0.03,3.09833068711766e-05,0.050168197602033615,4.925761316115486e-06,9.276201689232058e-05,0.009581683816173686,0.00795257474784172,0.011538286368062698
48500,0.00016870109814044553,6.963754069874994e-05,1.2312321657645953e-06,0.007982873616274446,0.000242494154459564,0.0001228315221669618,0.00019105697447957935,0.03,2.8615145095268126e-05,0.026417521759867668,4.256533330505364e-06,8.163865189324156e-05,0.009092702596783256,0.007769932561244638,0.011039532143150541
49000,0.000164344990029349,6.732190390175674e-05,1.236877471342268e-06,0.00777574241021648,0.00023975055580376648,0.00011622719628940103,0.00019369557299796724,0.03,2.6334855554422256e-05,0.023115450516343117,4.461233548713216e-06,8.592268861935159e-05,0.009211544234022859,0.007381474504326481,0.011053953042314133
49500,0.00015713657473679632,6.360110185050872e-05,1.1367576709631066e-06,0.00751815208978951,0.00023350883458624595,0.00011510325552080758,0.00019245905947173013,0.03,2.4144082211202704e-05,0.01445807609707117,4.114151236836563e-06,7.839788884808163e-05,0.008938618687591302,0.007600199595858543,0.010902991520028524
50000,0.0001618595309992088,6.596935565175954e-05,1.0185769821760005e-06,0.007853927443735302,0.00024267019209219142,0.00012239384664280804,0.00018505488082882948,0.03,2.2044404491948583e-05,0.018657632172107697,3.7320043201495416e-06,7.124296229472568e-05,0.008349464994798564,0.006950853533546156,0.010132332785035277
50500,0.00015501702310575637,6.091919197206153e-05,8.723085678070674e-07,0.00782654070528224,0.00023229433622327632,0.00011742815402249107,0.0001785577481787186,0.03,2.0037336148095658e-05,0.024711066856980324,3.879881573437538e-06,7.393839599126603e-05,0.008590198612530457,0.007192996766237,0.010442387971822193
51000,0.00014527308408287355,5.8098539328057086e-05,7.621455562230039e-07,0.007224323803093284,0.00023179056205844972,0.00011509197807026794,0.00017884396131557877,0.03,1.812432416484513e-05,0.015078389085829258,3.918972880418862e-06,7.450731839224249e-05,0.00868138460897188,0.00718235227261603,0.010611454944032268
51500,0.0001466642778395908,5.7953910174546766e-05,7.718399385225894e-07,0.007384788161609322,0.00022975728506571613,0.00011745937568048248,0.00017385343089699746,0.03,1.6306747717967433e-05,0.014581181108951569,3.6098023050819377e-06,6.820771364105878e-05,0.008160201848986566,0.0066833540349340165,0.009969753409464308
52000,0.00013398014353879263,5.319456772122067e-05,6.497294903340389e-07,0.00672141229826957,0.0002215250397566706,0.00011066768655291526,0.00016838972403638764,0.03,1.458591717949279e-05,0.018732137978076935,3.514824797104741e-06,6.66395086405694e-05,0.008077270849270249,0.006678598453692521,0.009841249564171695
52500,0.00013637016604479868,5.380204219545703e-05,5.26936659639432e-07,0.006998824903741479,0.0002229631053924095,0.00011313707891531521,0.00016677937390340957,0.03,1.2963073173005777e-05,0.017280973494052887,3.3310538334092015e-06,6.359244630950865e-05,0.007877710187189614,0.006648499894819534,0.009605369349427743
53000,0.00013023338418861386,5.0550612475490195e-05,4.2275398831748135e-07,0.006848571887239814,0.0002179895043373108,0.0001105648649900104,0.00015098264947300776,0.03,1.1439385679223936e-05,0.017605088651180267,3.6498410308133127e-06,6.792304781083895e-05,0.00827079273240721,0.006737299674367897,0.010124739641161706
53500,0.00012596270789072152,4.911899868238834e-05,4.328408200535705e-07,0.006533308264799416,0.0002106738528382266,0.00010758677788544446,0.0001621765310774208,0.03,1.0015953192506706e-05,0.010664841160178185,3.3655141709559984e-06,6.356906982529304e-05,0.007956426421984714,0.006654367054865616,0.009731598420081622
54000,0.00012165943687432446,4.758079689054284e-05,3.384039009119988e-07,0.006361612072447315,0.00021165898894832935,0.00010898212817119201,0.00015162929108919343,0.03,8.69380192890175e-06,0.012491383589804173,3.275679234535137e-06,6.147050836462228e-05,0.007824772942683914,0.006478105700366164,0.00958650192822089
54500,0.0001211174902273342,4.668294215298374e-05,3.384574662277373e-07,0.006396575678139925,0.00021070550453441685,0.00010522073616448324,0.00015339568586932728,0.03,7.473885086299943e-06,0.024581464007496834,3.1762699421096014e-06,5.979960089973042e-05,0.007657826838861171,0.006408072091225306,0.009386195504982086
55000,0.0001206356537368265,4.5460280463885286e-05,2.765209875974506e-07,0.006518320681992918,0.00021433967901975847,0.00010859466109832282,0.00015168853788054547,0.03,6.357082157232434e-06,0.010133948177099228,3.2358165514752965e-06,6.042781404903223e-05,0.007650740536972646,0.006333346856226652,0.009382491661376967
55500,0.0001142763317693607,4.376872790817288e-05,2.413680638824189e-07,0.006116183013655245,0.00020745523652294652,0.00010346814805234316,0.0001435198938997928,0.03,5.344198294805223e-06,0.01291744876652956,3.065810623810162e-06,5.799622492581685e-05,0.0075402517528138195,0.00630012974563207,0.009244587702337367
56000,0.00011454738819156773,4.3862061404070116e-05,2.0657351045372252e-07,0.006158436783123762,0.00021008003391034436,0.00010684650330222212,0.00014263689250219614,0.03,4.435963732228357e-06,0.00877654179930687,3.0816518151756775e-06,5.7682717161113136e-05,0.007521050388623574,0.006253222287802042,0.0092231070784633
56500,0.00011027300839486997,4.232176415825961e-05,1.9253362466997716e-07,0.005870823495090008,0.00020239390757342335,0.00010328626342379721,0.00015486466931179165,0.03,3.633033256358117e-06,0.006373286712914705,3.019339835292909e-06,5.670917932292786e-05,0.007423427035598782,0.006165889468926945,0.009107425025218045
57000,0.00011333271372859599,4.2787638936715665e-05,1.7829257480173056e-07,0.006171201701974496,0.000210225856731995,0.00010727076131297509,0.00014105842178832972,0.03,2.9359857356320297e-06,0.006947695277631283,3.029623606768596e-06,5.681539943886978e-05,0.00749134514803956,0.006234162841453493,0.009207419801233196
57500,0.00011210988067614381,4.188516544309095e-05,1.611112941901638e-07,0.006148633565753698,0.0002057988577580545,0.00010448003088094993,0.00014489005998620996,0.03,2.345323702736683e-06,0.013988564722239971,2.9745462166788817e-06,5.595502927891007e-05,0.007430534958435921,0.006162383305129308,0.009126895267628152
58000,0.00010606827089941362,3.991471915651346e-05,1.4388128251141552e-07,0.005759877685457468,0.0002005473080498632,0.00010327303691883572,0.00014551741936884353,0.03,1.861472992309531e-06,0.009178009815514088,2.9358063697881244e-06,5.518294970729226e-05,0.0073257444743866085,0.006124552139955169,0.009003106027641905
58500,0.00010857888471946353,4.03784782247385e-05,1.438980520021005e-07,0.0060078758466988805,0.00020177611081453507,0.00010349879219575087,0.00013059054109180578,0.03,1.4847824339356155e-06,0.01650763303041458,2.955893266738146e-06,5.541561720682997e-05,0.007359409373645447,0.006123515318149201,0.009050253215130491
59000,0.0001091462123877136,4.087356520903995e-05,1.3211812130009547e-07,0.006002394870389253,0.000207353297402733,0.00010563297560292995,0.00013539639905502554,0.03,1.2155236006608065e-06,0.01730053499341011,2.9403310611463694e-06,5.5113488155365e-05,0.007356207133748081,0.0061053225511188995,0.00904012085153847
59500,0.00010456941172014922,3.919894665159518e-05,1.271027300191463e-07,0.005729397862683981,0.0001989734244561987,0.00010248629641137085,0.00013483560740132816,0.03,1.0538906132026365e-06,0.008750182576477528,2.907476070029909e-06,5.449071218067897e-05,0.007341456313196087,0.006106587633641343,0.009033505609098477
60000,0.00010817335911269765,4.005689967380022e-05,1.276393877276405e-07,0.0059943753958214075,0.00020256327309471089,0.00010262765421794028,0.0001366560847745859,0.03,1e-06,0.009148563258349895,2.9161471094286254e-06,5.4689854012826756e-05,0.007363256761952569,0.006118162630396289,0.009056610644771906
60500,0.00010724090108124073,4.0186970596550964e-05,1.2561065221916579e-07,0.005900943467393518,0.00020207788659899962,0.00010510271203384036,0.00013226019996363903,0.03,1e-06,0.005902640987187624,2.913064339101829e-06,5.455638881454935e-05,0.007303822964280157,0.006071433659135345,0.00898072111887473
61000,0.000107329798702267,3.979382260513375e-05,1.2622886629287678e-07,0.00595585149852559,0.0002001653053157497,0.00010079696915636305,0.00013193360817240318,0.03,1e-06,0.008269548416137695,2.899630573351888e-06,5.4409647684173804e-05,0.007292455411893199,0.006068566514690471,0.00896721056191693
61500,0.00011178752600972074,4.101449484369368e-05,1.2762335400395841e-07,0.0062313350960612295,0.00020886912052810657,0.00011147620248812019,0.0001411747183119587,0.03,1e-06,0.009997299872338772,2.9138903141033947e-06,5.464786645864509e-05,0.007310876508030159,0.006097579132541677,0.008988728983589232
62000,0.00011015868197137024,4.013093351386487e-05,1.281430193387223e-07,0.006181133986916393,0.0002051111574546667,0.00010709763773775194,0.00013563927160430467,0.03,1e-06,0.009524151682853699,2.9258399617412826e-06,5.47447544245049e-05,0.0073277238678186914,0.0060922002517534,0.009007520500591337
62500,0.00010506939796323422,3.9445063466700956e-05,1.271716539577028e-07,0.005771897324360907,0.00019746614038012922,0.0001017648822744377,0.00012985598295199452,0.03,1e-06,0.005378874484449625,2.8747012048102043e-06,5.401930749692375e-05,0.007254940431494999,0.0060413598953584485,0.008916648819250793
63000,0.00010858984658261761,4.0280643330333986e-05,1.2365036175765454e-07,0.006024022109340876,0.0002039949270983925,0.00010585557704325765,0.00013270918941270794,0.03,1e-06,0.009862844832241535,2.883516522274293e-06,5.411090281605921e-05,0.007273779547638115,0.0060549065883830164,0.00893748263699009
63500,0.00010875769279664383,4.0182206823374144e-05,1.2387731239016374e-07,0.006047581174876541,0.00020308763255889062,0.00010407066969492007,0.00013456913226400502,0.03,1e-06,0.005983105394989252,2.880759465219446e-06,5.412459782922887e-05,0.007298431135389541,0.006050285928101322,0.008976903241960495
64000,0.0001068758805267862,4.024891971130273e-05,1.2349088187590951e-07,0.005866357949795202,0.00020202205750683789,0.00010221447446383536,0.0001311030207143631,0.03,1e-06,0.010641638189554214,2.886049129861417e-06,5.416423545439152e-05,0.007254188790088458,0.006027727948293205,0.008918605805307941
64500,0.00010498658438154962,3.8690899153152715e-05,1.234151193187927e-07,0.005840944939758628,0.0002010638472274877,0.00010197053851152304,0.00012895240390571415,0.03,1e-06,0.006715454626828432,2.879548442993558e-06,5.398072708453e-05,0.007280050812181554,0.006046287501501336,0.0089558829170997
65000,0.00010807561837282264,3.969870173750678e-05,1.2313014620701778e-07,0.006038177787326277,0.0002016371547651943,0.00010499511258967686,0.00013145921295654262,0.03,1e-06,0.012847465462982655,2.876611666824244e-06,5.397181005936861e-05,0.007275900380200262,0.006055592490803306,0.008946921273313455
65500,0.00010671852145605953,3.998830994532909e-05,1.22581369623731e-07,0.005865431958809495,0.00020352871918294114,0.0001046038217828027,0.00013379722469107947,0.03,1e-06,0.009985276497900486,2.8833896255673776e-06,5.404101872072882e-05,0.007256523548422406,0.006035943286035201,0.00892133471836906
66000,0.00010640739461086924,3.968372910821927e-05,1.2361540139238514e-07,0.005860944047570229,0.00020429235609481112,0.00010251262273231986,0.00013524179043452022,0.03,1e-06,0.023942941799759865,2.8654714502624078e-06,5.3774276263166197e-05,0.007273672220623544,0.006048629894772921,0.008946808167467726
66500,0.00010401716905471402,3.860739546144032e-05,1.2302033569255854e-07,0.005708345250925049,0.00019857789768138901,0.00010049260835512542,0.00014504848742944888,0.03,1e-06,0.009317843243479729,2.9337429333369363e-06,5.47257893254786e-05,0.0073160707108644914,0.006069020201164695,0.008992889023652608
67000,0.00010416197199083399,3.8770700884924734e-05,1.2162140481564165e-07,0.005713593397056684,0.00019645160033542197,9.994473701226525e-05,0.00014394680705299834,0.03,1e-06,0.011076223105192184,2.869145554159294e-06,5.3778245362988905e-05,0.007263933355617799,0.0060387457123766254,0.008935191173912537
67500,0.00010903810114541557,4.000395318507799e-05,1.2283990055550476e-07,0.006062132633756846,0.00020445515766914467,0.00010599234810069902,0.00014418764199945145,0.03,1e-06,0.007447198498994112,2.866167651979967e-06,5.376824049864657e-05,0.007268596521663267,0.006049245134111287,0.008935061726769035
68000,0.00010822104557155398,4.0063407337584065e-05,1.2425750328759476e-07,0.006010414018761367,0.00020402070916316007,0.00010436603204288985,0.00013251905634388095,0.03,1e-06,0.01149802841246128,2.8648670212832165e-06,5.366481584583604e-05,0.007300893299178546,0.006053459142652461,0.00898824530389149
68500,0.00010488371559767983,3.900568555764039e-05,1.2271954382470086e-07,0.005793024881044403,0.00019686400442151352,0.00010233435380359879,0.0001324680889301817,0.03,1e-06,0.0052992370910942554,2.85509680787349e-06,5.350496585734123e-05,0.007265834900174762,0.006042533149085386,0.008934765665858208
69000,0.00010630329356354195,4.042140083402046e-05,1.2276900224605925e-07,0.005777207050472498,0.0001989638791856123,0.00010204159072600305,0.00013725391253319684,0.03,1e-06,0.00599477207288146,2.881601505789836e-06,5.410499148299207e-05,0.007250664155615281,0.006020586597193881,0.008920013517814566
69500,0.00010229002060077618,3.858749776190962e-05,1.1892134315871772e-07,0.00558387566357851,0.00019446973715093918,9.608340524573578e-05,0.0001335621905673179,0.03,1e-06,0.009851928800344467,2.8852768114891268e-06,5.399412036477499e-05,0.007267289424457767,0.0060237881900850904,0.00893876668391189
70000,0.00010569890260376269,3.885418038771604e-05,1.2070101826111567e-07,0.005904424849897623,0.0001991996731958352,0.00010060282918857411,0.00012789472701842897,0.03,1e-06,0.008023198693990707,2.8533540922646885e-06,5.3418111021070656e-05,0.0072615386420171405,0.006045812626291346,0.00893583528635366
70500,0.00010417120288911975,3.928375711257104e-05,1.2046321280934081e-07,0.005678423992823809,0.0001983335206459742,0.0001023120174286305,0.0001377682032980374,0.03,1e-06,0.012672784738242626,2.8417153871246793e-06,5.326811655351027e-05,0.007226699762211269,0.006009487567570146,0.008885916559117043
71000,0.00010607099202752579,3.927060480054934e-05,1.2242373510673587e-07,0.00588323833537288,0.00019962105271406473,0.00010060683744814014,0.0001328778702809359,0.03,1e-06,0.033741798251867294,2.876470242552946e-06,5.374839625766835e-05,0.0072587742423348926,0.006047226540991907,0.008928976910783216
71500,0.00010361818197270623,3.901819727616385e-05,1.236330712117706e-07,0.005664200422819704,0.00019652355887228622,0.00010051892529736506,0.0001332830852479674,0.03,1e-06,0.014561234042048454,2.882939142010299e-06,5.386928195500139e-05,0.007271519367585406,0.00603527548855495,0.008946404635899009
72000,0.00010306363539712038,3.8745627494790824e-05,1.1902948243402989e-07,0.005644521724432707,0.0001958551317366073,9.904985968751134e-05,0.0001323835646835505,0.03,1e-06,0.010465527884662151,2.8484478321798717e-06,5.3381924837701114e-05,0.007220711879450429,0.005994930121117275,0.008880999076400609
72500,0.00010687343097379198,3.975748236189247e-05,1.1988699039022777e-07,0.005908042774768546,0.000199793654246605,0.00010324554977705703,0.00013486782309337286,0.03,1e-06,0.0064054373651742935,2.8474519921861403e-06,5.332880007703884e-05,0.007245885175393428,0.006026696330253846,0.008919123405606808
73000,0.0001030052796995733,3.873525123708532e-05,1.1822107745729227e-07,0.005640173202846199,0.00019817019277252256,0.00010235036262020003,0.0001305774508655304,0.03,1e-06,0.018397102132439613,2.8643197044433677e-06,5.3578243302477714e-05,0.007273592683085146,0.006063108661760918,0.008951886117830921
73500,0.00010536113815032877,3.8974992639850826e-05,1.2060072266706357e-07,0.005866783888079226,0.00019941069110063835,0.00010210629492939915,0.00012461108743445947,0.03,1e-06,0.007663918659090996,2.8759268854122195e-06,5.3704815996577965e-05,0.0072567027386471784,0.006023165629757491,0.008926343912193744
74000,0.00010402498707844642,3.865601508005057e-05,1.1887023040912936e-07,0.005729921810561791,0.00019793547452718485,0.0001014879508584272,0.0001374852977169212,0.03,1e-06,0.006390497554093599,2.848272272871843e-06,5.3373155416405906e-05,0.007258627460395359,0.006026223812649124,0.00893417283419799
74500,0.00010437955267116194,3.957281282418989e-05,1.1593905735196585e-07,0.005694339310051874,0.00019858674023998901,0.00010220570315141231,0.00013093039361410775,0.03,1e-06,0.01213329378515482,2.843259692986754e-06,5.332411605551163e-05,0.007229651900177589,0.006007251829628591,0.00889630048986705
75000,0.00010330547088960884,3.834250994987087e-05,1.1902929468021739e-07,0.005694336734013632,0.00019497095231781715,9.85134284273954e-05,0.00013775056041777134,0.03,1e-06,0.006376130040735006,2.8723736953615e-06,5.365092719478659e-05,0.007250185616192407,0.006014525300089284,0.008918680769329623
75500,0.00010629615189827746,3.8930305880057857e-05,1.1780609199263381e-07,0.005938200910110027,0.0002010181095538428,0.00010644080237398156,0.00013222668675007298,0.03,1e-06,0.013958320952951908,2.858958986180012e-06,5.3533902458000586e-05,0.007201512882503008,0.0059793189771612226,0.008857691474039545
76000,0.00010361973334511277,3.9042116281052587e-05,1.1864129206173857e-07,0.0056769698637072,0.00019644328823778778,9.802720195875736e-05,0.0001304694793507224,0.03,1e-06,0.01968737691640854,2.8428047400697057e-06,5.322420500844019e-05,0.007226519621367002,0.006010471258649315,0.008890816978457054
76500,0.00010737793380394577,4.030830908959615e-05,1.204151541713827e-07,0.005914551228517666,0.00020075008849380538,0.00010433410524274222,0.00013033169236587128,0.03,1e-06,0.005302015226334333,2.837226915680808e-06,5.307352401657914e-05,0.007264006613706291,0.006046578807562729,0.00894576744497498
77000,0.00010365920664480655,3.84907863663102e-05,1.1537905817249339e-07,0.005717848157510161,0.0001970072472031461,9.972453667433001e-05,0.00013665298957494086,0.03,1e-06,0.010357138700783253,2.83548620057386e-06,5.3112775913096315e-05,0.0072273151687242245,0.006013201288924478,0.008891680779199482
77500,0.00010334627362317406,3.861640001196065e-05,1.1532498206889841e-07,0.005681539856363088,0.0001951275492028799,0.00010092003334284528,0.00013438003375631523,0.03,1e-06,0.007188453804701567,2.8319503237101533e-06,5.303430569632018e-05,0.007186345003586754,0.005976850710958138,0.008841247691081279
78000,0.00010383361505955691,3.833488460441004e-05,1.1779173874515437e-07,0.00576716390135698,0.00019702426636649761,0.00010113708393328124,0.00013010483697144083,0.03,1e-06,0.008091544732451439,2.829566190155885e-06,5.297905930033999e-05,0.007205966434603002,0.005997341023342657,0.008863970040910055
78500,0.00010483576078695478,3.892618518511881e-05,1.182318287433759e-07,0.00579727824148722,0.00019894284670590422,0.0001017878704733448,0.00013278775673825294,0.03,1e-06,0.0093015655875206,2.85789487642901e-06,5.337244352656009e-05,0.007289658836803249,0.006054616659917414,0.008974329675576114
79000,0.00010363210089417408,3.8598587521846636e-05,1.1778957848207483e-07,0.005723815687932074,0.00019799707365746145,9.952112562314142e-05,0.00012926197909837357,0.03,1e-06,0.007785338908433914,2.829166169465506e-06,5.2892534739287566e-05,0.0072232017342952134,0.006010421158712917,0.00889596277340901
79500,0.00010325910431129159,3.858021925771027e-05,1.1888552927530327e-07,0.005698552775196731,0.00019679577501665335,9.883148750668624e-05,0.0001262000691713183,0.03,1e-06,0.006948992609977722,2.8084030639471428e-06,5.2506256997641296e-05,0.007182220555077489,0.005978344247457787,0.00884014734859203
80000,0.00010557748936116695,3.92654202223639e-05,1.1662588848082578e-07,0.0058353987901937215,0.0001990359061746858,0.00010150007472839207,0.00013399053182365606,0.03,1e-06,0.009503483772277832,2.8455763703523335e-06,5.311192152815718e-05,0.007229697031593943,0.006013867586016472,0.008899512942912797
